function aws

A=[23,0.012;
   54,0.007;
   62,0.005];

ratio=1;%6.3;
A(:,1)*ratio+A(:,2)*ratio*24*30*12
